Average Temp,(Midwest) Total Sales
13.4,9630
15.4,11103
18.2,8081
19.6,12184
20.2,273682
20.8,9990
21.2,26683
22.2,18728
22.2,12654
23.4,30988
23.8,5740
24.9,139203
25.6,12697
26.1,13234
26.8,25040
27.1,14694
27.1,32170
27.4,16667
27.4,6284
27.6,210492
28.0,24383
29.0,19729
29.0,12673
29.3,38502
31.4,30625
32.0,18705
32.2,21642
33.2,74720
34.8,10116
35.0,23018
35.0,19559
35.0,27378
35.6,34766
36.0,8140
37.2,20970
38.2,8134
40.2,44207
40.4,94871
40.6,21461
40.9,5234
41.0,37831
41.5,10943
43.6,23016
43.9,54390
44.7,23600
45.2,34608
45.8,6301
45.8,55623
46.6,16150
47.4,20697
48.1,27055
48.9,9425
49.2,18318
49.6,57592
49.8,16416
50.1,27056
50.2,9614
50.4,56325
52.1,16390
52.4,7535
52.8,24740
53.1,20923
54.2,16828
55.1,50114
55.4,18882
55.8,20492
57.2,22859
57.4,15550
58.0,21498
58.3,23002
58.3,49587
60.8,66851
61.0,16579
61.0,17559
62.0,16933
63.6,20423
63.6,35750
64.3,17532
65.2,13292
65.2,62268
65.4,50625
65.6,17805
66.0,17916
66.1,20967
66.2,12508
66.2,51109
66.2,15837
67.6,66147
68.2,79443
68.6,23800
68.8,20696
68.9,28423
69.3,27062
69.4,26092
69.8,14953
69.8,68703
70.8,50843
71.4,27256
71.6,26210
71.8,15130
72.2,86851
73.1,29049
73.2,26774
73.4,26067
73.8,80413
73.8,25736
73.9,68137
73.9,26980
74.4,145607
74.4,27347
74.4,20087
74.6,47113
75.0,93065
75.7,35969
76.2,21743
76.8,43806
77.0,34743
78.4,44366
