Average Temp,(Northeast) Total Sales
19.6,28080
21.8,31985
22.8,49286
23.8,36686
24.4,34006
24.8,24608
25.5,35141
26.4,30205
26.9,50288
28.2,28136
28.4,53144
28.8,12982
29.8,84880
31.0,32678
31.2,11398
31.2,63392
31.4,15635
32.0,13458
32.4,74572
32.9,13868
33.0,26460
33.4,12997
33.6,20257
33.9,18682
34.8,13149
34.8,85739
35.4,21855
35.6,9103
35.8,14556
36.8,23707
37.0,23997
38.0,16942
38.1,11700
38.2,30947
38.4,174294
38.4,55286
38.6,15614
39.0,55382
40.4,52941
40.7,7529
40.8,39272
41.5,18019
41.8,56426
42.5,40296
42.8,105073
42.9,54718
43.0,15485
44.0,18781
44.0,26396
44.0,63456
44.6,50069
44.6,8585
45.9,73456
48.2,42109
48.4,15149
48.4,129810
48.4,11537
48.6,47951
48.9,47031
49.2,49434
50.2,71268
50.2,31843
50.8,32340
51.0,7218
51.4,17976
52.4,33115
52.7,26521
53.3,34174
53.6,20513
53.6,20931
54.1,43164
54.6,51930
54.8,23869
55.4,42242
56.2,46037
56.8,23041
58.3,69501
58.6,14959
59.3,30908
59.6,56534
60.3,64443
60.6,26033
60.9,79631
61.0,11556
61.0,34620
62.4,19814
62.6,20888
63.4,40010
63.6,46684
63.9,33305
64.0,41437
64.0,33025
64.8,49495
64.9,23262
65.2,57926
65.8,67761
66.1,69977
66.2,17563
66.4,32905
66.4,33003
66.8,54632
67.4,62588
67.4,92551
67.6,21953
68.6,42335
68.7,27130
69.0,33746
69.0,85575
69.5,41632
69.7,20121
70.1,20916
70.2,48867
70.6,33600
70.6,45246
71.1,37147
71.9,44753
72.2,22733
72.5,30694
73.0,30872
73.4,17797
73.4,31705
73.8,33259
75.1,23019
75.7,44213
75.8,30989
77.1,23406
77.2,41099
