Average Temp,(Southeast) Total Sales
34.0,21143
36.5,31566
36.6,35738
37.5,47941
41.4,41212
41.4,17516
41.4,41392
42.6,42089
45.2,143246
45.5,37553
45.8,53796
46.5,55719
47.0,84054
47.4,37324
48.6,58839
49.4,108890
51.9,38964
52.4,52357
52.5,15602
52.9,27512
53.1,123148
53.5,83767
54.6,98532
54.7,46472
55.6,37449
56.1,76955
58.2,75987
58.4,19425
58.8,48246
59.1,95197
59.8,84990
59.8,52672
61.0,47705
61.2,56125
61.9,65594
64.9,172352
65.4,84161
65.4,64638
65.6,24250
65.7,56915
65.8,64822
67.2,126554
67.4,55658
67.9,19674
68.8,60881
69.4,112166
69.6,79925
70.0,81202
70.4,60951
72.4,52225
72.8,27489
72.8,97546
72.9,70242
73.2,73732
73.9,164006
74.1,67319
74.6,31261
75.4,108673
76.2,32331
76.2,134220
76.7,88144
76.8,72216
77.4,97983
77.6,85229
78.0,122789
78.2,78979
78.4,147610
79.6,93447
79.6,112249
81.1,69292
81.3,190246
82.2,160726
