Average Temp,(South) Total Sales
35.6,14321
38.0,17556
40.4,18707
42.0,20964
42.6,11360
45.0,16147
45.5,151353
45.6,25436
46.9,25763
49.2,48545
50.8,55248
50.8,69111
51.4,80490
52.2,23254
54.9,406142
55.0,55164
55.7,13056
55.9,94145
56.7,18244
57.4,39649
57.8,30378
59.6,158856
60.2,250793
60.8,53298
61.0,23162
61.7,29895
62.5,37854
63.6,42646
64.0,85360
66.0,46009
68.6,51518
69.9,20640
70.6,16106
70.6,194342
71.6,36493
71.7,32275
71.8,44214
74.0,345038
74.1,59322
74.2,64481
76.4,147903
76.9,409078
77.4,33779
77.9,46833
78.0,65983
78.6,54452
79.0,27936
79.4,83753
79.7,186122
79.8,54303
79.9,67205
80.0,443065
80.6,55501
80.8,78808
81.1,187266
81.4,148259
82.2,156082
