Average Temp,(West) Total Sales
20.4,36591
24.0,27832
24.8,43543
26.0,42623
26.4,41688
27.6,33964
30.0,54787
30.2,30257
31.3,62832
31.6,111097
34.2,38718
34.5,42734
35.0,44262
35.0,44742
35.3,25095
36.1,41688
36.2,42605
36.8,40816
37.2,141820
38.4,46517
40.2,61059
40.9,76299
41.0,55139
42.3,52891
42.7,39502
42.9,20005
43.4,52966
44.6,41847
44.8,111976
44.8,86576
45.2,23571
45.5,817675
45.9,58182
46.4,394849
47.8,200197
48.0,43498
49.0,56219
49.2,49343
50.7,75135
51.0,60910
51.2,59910
51.6,93035
52.3,27312
53.2,367859
53.5,64663
55.4,43670
56.2,19838
56.8,59376
57.4,95888
57.9,62900
58.0,66772
58.6,127011
60.5,87917
61.1,58730
61.4,593040
61.9,70406
62.9,52670
64.6,26832
64.6,53827
67.1,61720
67.4,58224
67.4,61147
67.8,21965
67.9,96068
67.9,83940
68.3,164693
68.4,102662
68.9,139822
69.7,25718
70.2,82305
72.7,105319
73.2,93381
73.6,38996
74.0,40098
74.4,64171
77.2,68429
80.4,85401
81.0,70161
