Average Temp,(Midwest) Men's Street Footwear Sales
13.4,19060.0
15.4,24690.0
18.2,19060.0
19.6,23543.0
20.2,171928.0
20.8,18736.0
21.2,25528.0
22.2,38531.0
23.4,38250.0
23.8,12079.0
24.9,56191.0
25.6,17028.0
26.1,24636.0
26.8,22962.0
27.1,24167.0
27.1,34294.0
27.4,11984.0
27.4,20849.0
27.6,144301.0
28.0,27244.0
29.0,50421.0
29.3,41004.0
31.4,38120.0
32.0,21500.0
32.2,24995.0
33.2,65025.0
34.8,16473.0
35.0,45627.0
35.0,29337.0
35.6,39438.0
36.0,13960.0
37.2,28024.0
38.2,16664.0
40.2,44700.0
40.4,78045.0
40.6,25879.0
40.9,11196.0
41.0,31167.0
41.5,22294.0
43.6,22263.0
43.9,51900.0
44.7,27511.0
45.2,35932.0
45.8,43354.0
45.8,11980.0
46.6,36795.0
47.4,22591.0
48.1,27854.0
48.9,15375.0
49.2,37762.0
49.6,49686.0
49.8,37472.0
50.1,24167.0
50.2,16100.0
50.4,29371.0
52.1,24877.0
52.4,20433.0
52.8,14056.0
53.1,22600.0
54.2,39522.0
55.1,44469.0
55.4,25683.0
55.8,41556.0
57.2,27948.0
57.4,21733.0
58.0,27615.0
58.3,48525.0
58.3,31820.0
60.8,56086.0
61.0,24500.0
61.0,22815.0
62.0,24370.0
63.6,28035.0
63.6,36560.0
64.3,22755.0
65.2,51367.0
65.2,21344.0
65.4,116683.0
65.6,23788.0
66.0,22829.0
66.1,28580.0
66.2,19205.0
66.2,45744.0
66.2,22759.0
67.6,159133.0
68.2,66825.0
68.6,26376.0
68.8,27171.0
68.9,28328.0
69.3,33518.0
69.4,34205.0
69.8,21147.0
69.8,66965.0
70.8,53875.0
71.4,33012.0
71.6,35180.0
71.8,21014.0
72.2,74376.0
73.1,37849.0
73.2,32669.0
73.4,34262.0
73.8,70783.0
73.8,34738.0
73.9,32669.0
73.9,108425.0
74.4,26568.0
74.4,33394.0
74.4,164563.0
74.6,17357.0
75.0,56830.0
75.7,37308.0
76.2,35255.0
76.8,46406.0
77.0,35714.0
78.4,49584.0
