Average Temp,(Midwest) Total Sales
13.4,24124.0
15.4,32692.0
18.2,24260.0
19.6,30800.0
20.2,303811.0
20.8,24300.0
21.2,35175.0
22.2,54411.0
23.4,54254.0
23.8,14860.0
24.9,101662.0
25.6,23198.0
26.1,32979.0
26.8,33799.0
27.1,49269.0
27.1,35192.0
27.4,29574.0
27.4,14819.0
27.6,273597.0
28.0,36571.0
29.0,66867.0
29.3,59919.0
31.4,53905.0
32.0,31175.0
32.2,36095.0
33.2,103089.0
34.8,21606.0
35.0,41317.0
35.0,65245.0
35.6,57089.0
36.0,17135.0
37.2,38959.0
38.2,20443.0
40.2,67345.0
40.4,124919.0
40.6,35746.0
40.9,13065.0
41.0,48312.0
41.5,28099.0
43.6,33115.0
43.9,78410.0
44.7,38737.0
45.2,53772.0
45.8,14260.0
45.8,68539.0
46.6,45682.0
47.4,32115.0
48.1,38368.0
48.9,19103.0
49.2,47615.0
49.6,76913.0
49.8,45214.0
50.1,36209.0
50.2,19940.0
50.4,48658.0
52.1,31871.0
52.4,25889.0
52.8,20821.0
53.1,31815.0
54.2,48304.0
55.1,69046.0
55.4,33204.0
55.8,51335.0
57.2,38778.0
57.4,27230.0
58.0,36171.0
58.3,70076.0
58.3,43343.0
60.8,86494.0
61.0,32120.0
61.0,29391.0
62.0,30618.0
63.6,52172.0
63.6,36763.0
64.3,29221.0
65.2,26150.0
65.2,84575.0
65.4,145641.0
65.6,30415.0
66.0,30758.0
66.1,35930.0
66.2,24345.0
66.2,28909.0
66.2,68174.0
67.6,198894.0
68.2,103533.0
68.6,38350.0
68.8,34992.0
68.9,43325.0
69.3,44702.0
69.4,45523.0
69.8,26698.0
69.8,98888.0
70.8,68924.0
71.4,44343.0
71.6,46363.0
71.8,26516.0
72.2,114824.0
73.1,50830.0
73.2,44048.0
73.4,45710.0
73.8,45995.0
73.8,110358.0
73.9,136568.0
73.9,44009.0
74.4,44466.0
74.4,219391.0
74.4,32118.0
74.6,35471.0
75.0,104898.0
75.7,53770.0
76.2,40130.0
76.8,66440.0
77.0,53554.0
78.4,71878.0
