Average Temp,(Midwest) Women's Street Footwear Sales
13.4,5064
15.4,8002
18.2,5200
19.6,7257
20.2,131883
20.8,5564
21.2,9647
22.2,15880
23.4,16004
23.8,2781
24.9,45471
25.6,6170
26.1,8343
26.8,10837
27.1,11025
27.1,14975
27.4,2835
27.4,8725
27.6,129296
28.0,9327
29.0,16446
29.3,18915
31.4,15785
32.0,9675
32.2,11100
33.2,38064
34.8,5133
35.0,19618
35.0,11980
35.6,17651
36.0,3175
37.2,10935
38.2,3779
40.2,22645
40.4,46874
40.6,9867
40.9,1869
41.0,17145
41.5,5805
43.6,10852
43.9,26510
44.7,11226
45.2,17840
45.8,25185
45.8,2280
46.6,8887
47.4,9524
48.1,10514
48.9,3728
49.2,9853
49.6,27227
49.8,7742
50.1,12042
50.2,3840
50.4,19287
52.1,6994
52.4,5456
52.8,6765
53.1,9215
54.2,8782
55.1,24577
55.4,7521
55.8,9779
57.2,10830
57.4,5497
58.0,8556
58.3,21551
58.3,11523
60.8,30408
61.0,7620
61.0,6576
62.0,6248
63.6,8728
63.6,15612
64.3,6466
65.2,33208
65.2,4806
65.4,28958
65.6,6627
66.0,7929
66.1,7350
66.2,5140
66.2,22430
66.2,6150
67.6,39761
68.2,36708
68.6,11974
68.8,7821
68.9,14997
69.3,11184
69.4,11318
69.8,5551
69.8,31923
70.8,15049
71.4,11331
71.6,11183
71.8,5502
72.2,40448
73.1,12981
73.2,11379
73.4,11448
73.8,39575
73.8,11257
73.9,11340
73.9,28143
74.4,5550
74.4,11072
74.4,54828
74.6,18114
75.0,48068
75.7,16462
76.2,4875
76.8,20034
77.0,17840
78.4,22294
