Average Temp,(Northeast) Men's Street Footwear Sales
19.6,45144.0
21.8,48165.0
22.8,42806.0
23.8,38551.0
24.4,16359.0
24.8,37248.0
25.5,40980.0
26.4,43917.0
26.9,40424.0
28.2,38794.0
28.4,50238.0
28.8,24559.0
29.8,106870.0
31.0,36578.0
31.2,61680.0
31.2,29070.0
31.4,22212.0
32.0,21041.0
32.4,68674.0
32.9,27811.0
33.0,27966.0
33.4,18373.0
33.6,26708.0
33.9,30602.0
34.8,71330.0
34.8,28616.0
35.4,24750.0
35.6,23405.0
35.8,23373.0
36.8,25932.0
37.0,34282.0
38.0,21041.0
38.1,21933.0
38.2,41063.0
38.4,280325.0
38.6,21720.0
39.0,54010.0
40.4,47541.0
40.7,19575.0
40.8,44970.0
41.5,27488.0
41.8,52810.0
42.5,41195.0
42.8,140111.0
42.9,47124.0
43.0,26618.0
44.0,29740.0
44.0,50497.0
44.0,33954.0
44.6,49416.0
44.6,22123.0
45.9,58652.0
48.2,51166.0
48.4,209159.0
48.4,41508.0
48.6,37261.0
48.9,41884.0
49.2,58959.0
50.2,60900.0
50.2,25397.0
50.8,30425.0
51.0,19099.0
51.4,25716.0
52.4,30372.0
52.7,41154.0
53.3,45282.0
53.6,35327.0
53.6,26104.0
54.1,37350.0
54.6,102187.0
54.8,46082.0
55.4,46029.0
56.2,49290.0
56.8,32239.0
58.3,59856.0
58.6,29281.0
59.3,39509.0
59.6,57619.0
60.3,63350.0
60.6,36120.0
60.9,68017.0
61.0,72390.0
62.4,23839.0
62.6,29787.0
63.4,47173.0
63.6,51364.0
63.9,33450.0
64.0,40321.0
64.0,47048.0
64.8,54679.0
64.9,29681.0
65.2,59733.0
65.8,69020.0
66.1,58650.0
66.2,26500.0
66.4,35668.0
66.4,37019.0
66.8,58238.0
67.4,76323.0
67.4,65379.0
67.6,30874.0
68.6,45388.0
68.7,37412.0
69.0,75625.0
69.0,41309.0
69.5,47459.0
69.7,24486.0
70.1,31236.0
70.2,54145.0
70.6,92015.0
71.1,47514.0
71.9,50447.0
72.2,29453.0
72.5,40993.0
73.0,32276.0
73.4,63495.0
73.8,40085.0
75.1,32668.0
75.7,46770.0
75.8,38459.0
77.1,31479.0
77.2,43899.0
