Average Temp,(Northeast) Total Sales
19.6,63630.0
21.8,66516.0
22.8,63453.0
23.8,57457.0
24.4,37577.0
24.8,51446.0
25.5,61905.0
26.4,62127.0
26.9,63296.0
28.2,52986.0
28.4,75676.0
28.8,31064.0
29.8,145377.0
31.0,53592.0
31.2,38490.0
31.2,96159.0
31.4,30717.0
32.0,26520.0
32.4,107386.0
32.9,37196.0
33.0,36746.0
33.4,25510.0
33.6,37829.0
33.9,41799.0
34.8,114181.0
34.8,38729.0
35.4,36270.0
35.6,29905.0
35.8,30510.0
36.8,38321.0
37.0,46087.0
38.0,29644.0
38.1,28974.0
38.2,55917.0
38.4,387950.0
38.6,29949.0
39.0,82648.0
40.4,71084.0
40.7,25222.0
40.8,65718.0
41.5,37739.0
41.8,80410.0
42.5,61904.0
42.8,193503.0
42.9,76488.0
43.0,33429.0
44.0,38644.0
44.0,85288.0
44.0,48129.0
44.6,75491.0
44.6,26816.0
45.9,92517.0
48.2,73393.0
48.4,273607.0
48.4,53399.0
48.6,61640.0
48.9,65897.0
49.2,86074.0
50.2,96240.0
50.2,38186.0
50.8,47013.0
51.0,23016.0
51.4,34059.0
52.4,47136.0
52.7,55615.0
53.3,63495.0
53.6,47587.0
53.6,36956.0
54.1,59422.0
54.6,125818.0
54.8,58171.0
55.4,63855.0
56.2,68596.0
56.8,45089.0
58.3,92408.0
58.6,36649.0
59.3,56330.0
59.6,81154.0
60.3,91951.0
60.6,46355.0
60.9,105217.0
61.0,95847.0
62.4,31416.0
62.6,37292.0
63.4,63979.0
63.6,71878.0
63.9,46623.0
64.0,63754.0
64.0,54224.0
64.8,75683.0
64.9,39113.0
65.2,85338.0
65.8,100267.0
66.1,89058.0
66.2,32725.0
66.4,49268.0
66.4,50641.0
66.8,84722.0
67.4,95871.0
67.4,119317.0
67.6,39613.0
68.6,63668.0
68.7,47171.0
69.0,119588.0
69.0,54881.0
69.5,65807.0
69.7,32368.0
70.1,38735.0
70.2,75553.0
70.6,127578.0
71.1,65252.0
71.9,72409.0
72.2,38442.0
72.5,56393.0
73.0,47582.0
73.4,82611.0
73.8,55082.0
75.1,42888.0
75.7,66702.0
75.8,53234.0
77.1,41819.0
77.2,64059.0
