Average Temp,(Northeast) Women's Street Footwear Sales
19.6,18486
21.8,18351
22.8,20647
23.8,18906
24.4,21218
24.8,14198
25.5,20925
26.4,18210
26.9,22872
28.2,14192
28.4,25438
28.8,6505
29.8,38507
31.0,17014
31.2,34479
31.2,9420
31.4,8505
32.0,5479
32.4,38712
32.9,9385
33.0,8780
33.4,7137
33.6,11121
33.9,11197
34.8,42851
34.8,10113
35.4,11520
35.6,6500
35.8,7137
36.8,12389
37.0,11805
38.0,8603
38.1,7041
38.2,14854
38.4,107625
38.6,8229
39.0,28638
40.4,23543
40.7,5647
40.8,20748
41.5,10251
41.8,27600
42.5,20709
42.8,53392
42.9,29364
43.0,6811
44.0,8904
44.0,34791
44.0,14175
44.6,26075
44.6,4693
45.9,33865
48.2,22227
48.4,64448
48.4,11891
48.6,24379
48.9,24013
49.2,27115
50.2,35340
50.2,12789
50.8,16588
51.0,3917
51.4,8343
52.4,16764
52.7,14461
53.3,18213
53.6,12260
53.6,10852
54.1,22072
54.6,23631
54.8,12089
55.4,17826
56.2,19306
56.8,12850
58.3,32552
58.6,7368
59.3,16821
59.6,23535
60.3,28601
60.6,10235
60.9,37200
61.0,23457
62.4,7577
62.6,7505
63.4,16806
63.6,20514
63.9,13173
64.0,13903
64.0,16706
64.8,21004
64.9,9432
65.2,25605
65.8,31247
66.1,30408
66.2,6225
66.4,13600
66.4,13622
66.8,26484
67.4,42994
67.4,30492
67.6,8739
68.6,18280
68.7,9759
69.0,43963
69.0,13572
69.5,18348
69.7,7882
70.1,7499
70.2,21408
70.6,35563
71.1,17738
71.9,21962
72.2,8989
72.5,15400
73.0,15306
73.4,19116
73.8,14997
75.1,10220
75.7,19932
75.8,14775
77.1,10340
77.2,20160
