Average Temp,(Southeast) Total Sales
34.0,41282.0
36.5,40575.0
36.6,60296.0
37.5,58856.0
41.4,51716.0
41.4,41028.0
41.4,53026.0
42.6,58091.0
45.2,131503.0
45.5,62346.0
45.8,62659.0
46.5,63829.0
47.0,98336.0
47.4,51267.0
48.6,101263.0
49.4,139356.0
51.9,67178.0
52.4,66914.0
52.5,35116.0
52.9,39391.0
53.1,156220.0
53.5,70295.0
54.6,94784.0
54.7,60082.0
55.6,47731.0
56.1,76731.0
58.2,90275.0
58.4,43848.0
58.8,65258.0
59.1,104736.0
59.8,77330.0
59.8,64707.0
61.0,68656.0
61.2,92598.0
61.9,83864.0
64.9,165898.0
65.4,107021.0
65.4,47719.0
65.6,41323.0
65.7,77510.0
65.8,82257.0
67.2,141893.0
67.4,74890.0
67.9,34430.0
68.8,94731.0
69.4,95149.0
69.6,100140.0
70.0,103416.0
70.4,59105.0
72.4,51120.0
72.8,42846.0
72.8,120245.0
72.9,93052.0
73.2,91372.0
73.9,195763.0
74.1,87775.0
74.6,51518.0
75.4,136153.0
76.2,230392.0
76.7,107460.0
76.8,71304.0
77.4,136628.0
77.6,65824.0
78.0,152366.0
78.2,96797.0
78.4,171407.0
79.6,247084.0
81.1,70734.0
81.3,222749.0
82.2,201685.0
