Average Temp,(Southeast) Women's Street Footwear Sales
34.0,11732
36.5,13344
36.6,18840
37.5,20345
41.4,18383
41.4,16759
41.4,11232
42.6,28797
45.2,57101
45.5,18899
45.8,22661
46.5,20762
47.0,38278
47.4,15939
48.6,34751
49.4,55490
51.9,29019
52.4,22469
52.5,8862
52.9,12237
53.1,61540
53.5,32028
54.6,38731
54.7,29123
55.6,14380
56.1,30146
58.2,33410
58.4,10204
58.8,27683
59.1,39961
59.8,21243
59.8,35240
61.0,29393
61.2,31434
61.9,31253
64.9,74106
65.4,26511
65.4,41235
65.6,9896
65.7,35571
65.8,41412
67.2,78299
67.4,25225
67.9,8318
68.8,42388
69.4,44278
69.6,41693
70.0,37591
70.4,24096
72.4,18207
72.8,10020
72.8,48573
72.9,40718
73.2,42421
73.9,87048
74.1,23650
74.6,13622
75.4,50263
76.2,83816
76.7,36448
76.8,30240
77.4,51215
77.6,35664
78.0,58023
78.2,43269
78.4,90580
79.6,98825
81.1,25794
81.3,99890
82.2,85064
