Average Temp,(South) Women's Street Footwear Sales
35.6,6540
38.0,7416
40.4,7874
42.0,8405
42.6,4051
45.0,5276
45.5,59362
45.6,9176
46.9,9928
49.2,22811
50.8,20984
50.8,33819
51.4,40337
52.2,9663
54.9,241667
55.0,35176
55.7,5027
55.9,46377
56.7,6606
57.4,12008
57.8,9366
59.6,66354
60.2,151112
60.8,17576
61.0,8403
61.7,14449
62.5,18557
63.6,30885
64.0,30946
66.0,22338
68.6,30520
69.9,9066
70.6,123263
71.6,19057
71.7,14007
71.8,23424
74.0,184401
74.1,32419
74.2,26424
76.4,87899
76.9,267548
77.4,7835
77.9,13012
78.0,30148
78.6,25334
79.0,6183
79.4,39282
79.7,65817
79.8,19734
79.9,33822
80.0,273088
80.6,28355
80.8,39929
81.1,98630
81.4,67196
82.2,76580
