Average Temp,(South) Men's Street Footwear Sales
35.6,22398.0
38.0,23389.0
40.4,20169.0
42.0,21409.0
42.6,16874.0
45.0,19248.0
45.5,72315.0
45.6,25606.0
46.9,24129.0
49.2,22974.0
50.8,20080.0
50.8,65566.0
51.4,75691.0
52.2,26761.0
54.9,213305.0
55.0,35284.0
55.7,20453.0
55.9,79730.0
56.7,22878.0
57.4,20350.0
57.8,17590.0
59.6,85072.0
60.2,149002.0
60.8,27846.0
61.0,24999.0
61.7,34824.0
62.5,39787.0
63.6,39450.0
64.0,38464.0
66.0,43792.0
68.6,37262.0
69.9,25830.0
70.6,119997.0
71.6,36072.0
71.7,34441.0
71.8,40916.0
74.0,184271.0
74.1,51142.0
74.2,20908.0
76.4,75916.0
76.9,191497.0
77.4,48971.0
77.9,55071.0
78.0,64843.0
78.6,57833.0
79.0,42960.0
79.4,77401.0
79.7,129994.0
79.8,34510.0
79.9,66569.0
80.0,246806.0
80.6,60514.0
80.8,72036.0
81.1,123192.0
81.4,75363.0
82.2,121295.0
