Average Temp,(South) Total Sales
35.6,28938.0
38.0,30805.0
40.4,28043.0
42.0,29814.0
42.6,20925.0
45.0,24524.0
45.5,131677.0
45.6,34782.0
46.9,34057.0
49.2,45785.0
50.8,99385.0
50.8,41064.0
51.4,116028.0
52.2,36424.0
54.9,454972.0
55.0,70460.0
55.7,25480.0
55.9,126107.0
56.7,29484.0
57.4,32358.0
57.8,26956.0
59.6,151426.0
60.2,300114.0
60.8,45422.0
61.0,33402.0
61.7,49273.0
62.5,58344.0
63.6,70335.0
64.0,69410.0
66.0,66130.0
68.6,67782.0
69.9,34896.0
70.6,243260.0
71.6,55129.0
71.7,48448.0
71.8,64340.0
74.0,368672.0
74.1,83561.0
74.2,47332.0
76.4,163815.0
76.9,459045.0
77.4,56806.0
77.9,68083.0
78.0,94991.0
78.6,83167.0
79.0,49143.0
79.4,116683.0
79.7,195811.0
79.8,54244.0
79.9,100391.0
80.0,519894.0
80.6,88869.0
80.8,111965.0
81.1,221822.0
81.4,142559.0
82.2,197875.0
