Average Temp,(West) Women's Street Footwear Sales
20.4,17432
24.0,17549
24.8,20523
26.0,22462
26.4,25417
27.6,21350
30.0,19364
30.2,20612
31.3,32010
31.6,60837
34.2,27408
34.5,27040
35.0,27268
35.0,19060
35.3,12256
36.1,23208
36.2,28593
36.8,19837
37.2,58819
38.4,18264
40.2,29532
40.9,53520
41.0,33280
42.3,32195
42.7,29533
42.9,7317
43.4,25655
44.6,28296
44.8,31615
44.8,44270
45.2,10165
45.5,372581
45.9,21527
46.4,182680
47.8,135872
48.0,26362
49.0,36540
49.2,28641
50.7,29174
51.0,27750
51.2,34545
51.6,40172
52.3,13271
53.2,206293
53.5,25719
55.4,29516
56.2,8823
56.8,25978
57.4,44502
57.9,25587
58.0,40266
58.6,77766
60.5,59421
61.1,26206
61.4,256465
61.9,27870
62.9,19412
64.6,33412
64.6,12349
67.1,27434
67.4,22070
67.4,27662
67.8,5054
67.9,48959
67.9,69645
68.3,87104
68.4,66788
68.9,69510
70.2,36061
72.7,47234
73.2,48949
73.6,20411
74.0,18170
74.4,39190
77.2,29559
80.4,36513
81.0,39031
