Average Temp,(West) Total Sales
20.4,33983.0
24.0,30688.0
24.8,62671.0
26.0,44260.0
26.4,44745.0
27.6,37112.0
30.0,46682.0
30.2,40871.0
31.3,87658.0
31.6,125643.0
34.2,53728.0
34.5,47700.0
35.0,48142.0
35.0,59172.0
35.3,41788.0
36.1,45862.0
36.2,56461.0
36.8,62453.0
37.2,130512.0
38.4,38194.0
40.2,82336.0
40.9,88632.0
41.0,70900.0
42.3,57312.0
42.7,69286.0
42.9,34834.0
43.4,77725.0
44.6,56192.0
44.8,108292.0
44.8,71562.0
45.2,34616.0
45.5,790322.0
45.9,42121.0
46.4,373006.0
47.8,217740.0
48.0,56367.0
49.0,81409.0
49.2,66646.0
50.7,72053.0
51.0,80475.0
51.2,69587.0
51.6,90724.0
52.3,48445.0
53.2,436639.0
53.5,47046.0
55.4,67756.0
56.2,35741.0
56.8,79840.0
57.4,93665.0
57.9,58407.0
58.0,87453.0
58.6,142185.0
60.5,114776.0
61.1,76190.0
61.4,611892.0
61.9,69275.0
62.9,52590.0
64.6,73563.0
64.6,41313.0
67.1,81919.0
67.4,82356.0
67.4,56225.0
67.8,34699.0
67.9,106303.0
67.9,125659.0
68.3,197379.0
68.4,125194.0
68.9,175374.0
70.2,82920.0
72.7,107994.0
73.2,111329.0
73.6,60056.0
74.0,60730.0
74.4,85106.0
77.2,68721.0
80.4,86992.0
81.0,91025.0
