Average Temp,(West) Men's Street Footwear Sales
20.4,16551.0
24.0,13139.0
24.8,42148.0
26.0,21798.0
26.4,19328.0
27.6,15762.0
30.0,27318.0
30.2,20259.0
31.3,55648.0
31.6,64806.0
34.2,26320.0
34.5,20660.0
35.0,20874.0
35.0,40112.0
35.3,29532.0
36.1,22654.0
36.2,27868.0
36.8,42616.0
37.2,71693.0
38.4,19930.0
40.2,52804.0
40.9,35112.0
41.0,37620.0
42.3,25117.0
42.7,39753.0
42.9,27517.0
43.4,52070.0
44.6,27896.0
44.8,39947.0
44.8,64022.0
45.2,24451.0
45.5,417741.0
45.9,20594.0
46.4,190326.0
47.8,81868.0
48.0,30005.0
49.0,44869.0
49.2,38005.0
50.7,42879.0
51.0,52725.0
51.2,35042.0
51.6,50552.0
52.3,35174.0
53.2,230346.0
53.5,21327.0
55.4,38240.0
56.2,26918.0
56.8,53862.0
57.4,49163.0
57.9,32820.0
58.0,47187.0
58.6,64419.0
60.5,55355.0
61.1,49984.0
61.4,355427.0
61.9,41405.0
62.9,33178.0
64.6,40151.0
64.6,28964.0
67.1,54485.0
67.4,34155.0
67.4,54694.0
67.8,29645.0
67.9,57344.0
67.9,56014.0
68.3,110275.0
68.4,58406.0
68.9,105864.0
70.2,46859.0
72.7,60760.0
73.2,62380.0
73.6,39645.0
74.0,42560.0
74.4,45916.0
77.2,39162.0
80.4,50479.0
81.0,51994.0
