Average Temp,(Midwest) Total Sales
13.4,18477.0
15.4,12103.0
18.2,12145.0
19.6,23142.0
20.2,282787.0
20.8,14810.0
21.2,49220.0
22.2,41761.0
23.4,39545.0
23.8,10370.0
24.9,127844.0
25.6,17254.0
26.1,18890.0
26.8,33139.0
27.1,18801.0
27.1,42261.0
27.4,21982.0
27.4,11952.0
27.6,217678.0
28.0,45899.0
29.0,50019.0
29.3,47102.0
31.4,39099.0
32.0,24263.0
32.2,27388.0
33.2,92731.0
34.8,16184.0
35.0,37015.0
35.0,56071.0
35.6,43297.0
36.0,14307.0
37.2,30043.0
38.2,22322.0
40.2,55975.0
40.4,110575.0
40.6,31569.0
40.9,21669.0
41.0,52024.0
41.5,21802.0
43.6,39322.0
43.9,63800.0
44.7,31869.0
45.2,47866.0
45.8,85029.0
45.8,24768.0
46.6,25324.0
47.4,35317.0
48.1,44150.0
48.9,29629.0
49.2,27756.0
49.6,75322.0
49.8,29435.0
50.1,47425.0
50.2,18831.0
50.4,106846.0
52.1,24780.0
52.4,24075.0
52.8,56184.0
53.1,42165.0
54.2,25478.0
55.1,66501.0
55.4,25397.0
55.8,34248.0
57.2,31104.0
57.4,22565.0
58.0,27775.0
58.3,61375.0
58.3,36553.0
60.8,94179.0
61.0,23296.0
61.0,31302.0
62.0,30562.0
63.6,46878.0
63.6,32541.0
64.3,26040.0
65.2,101594.0
65.2,15440.0
65.4,79409.0
65.6,20409.0
66.0,27394.0
66.1,33504.0
66.2,63677.0
66.2,18104.0
66.2,29831.0
67.6,130336.0
68.2,100867.0
68.6,47465.0
68.8,22712.0
68.9,53392.0
69.3,35512.0
69.4,37913.0
69.8,69840.0
69.8,17976.0
70.8,46760.0
71.4,35154.0
71.6,38857.0
71.8,18084.0
72.2,108075.0
73.1,41504.0
73.2,35642.0
73.4,38179.0
73.8,38155.0
73.8,83876.0
73.9,34826.0
73.9,108365.0
74.4,21806.0
74.4,174105.0
74.4,35405.0
75.0,71615.0
75.7,49788.0
76.2,19565.0
76.8,65496.0
77.0,36862.0
78.4,47619.0
