Average Temp,(Midwest) Men's Street Footwear Sales
13.4,10016.0
15.4,7444.0
18.2,7444.0
19.6,10957.0
20.2,107009.0
20.8,6296.0
21.2,25416.0
22.2,18973.0
23.4,15132.0
23.8,4736.0
24.9,54746.0
25.6,7710.0
26.1,7707.0
26.8,16822.0
27.1,11377.0
27.1,20917.0
27.4,5592.0
27.4,9981.0
27.6,84996.0
28.0,25252.0
29.0,26395.0
29.3,19161.0
31.4,14800.0
32.0,11213.0
32.2,12391.0
33.2,40865.0
34.8,7533.0
35.0,27220.0
35.0,19181.0
35.6,16981.0
36.0,6562.0
37.2,14325.0
38.2,7740.0
40.2,22536.0
40.4,49031.0
40.6,11420.0
40.9,7430.0
41.0,25400.0
41.5,7624.0
43.6,15248.0
43.9,26184.0
44.7,11655.0
45.2,19445.0
45.8,34434.0
45.8,9370.0
46.6,7675.0
47.4,13195.0
48.1,21117.0
48.9,12495.0
49.2,8812.0
49.6,32572.0
49.8,10206.0
50.1,19125.0
50.2,7482.0
50.4,48488.0
52.1,11340.0
52.4,14024.0
52.8,23510.0
53.1,16982.0
54.2,8555.0
55.1,28673.0
55.4,7779.0
55.8,11551.0
57.2,12532.0
57.4,7076.0
58.0,8926.0
58.3,14329.0
58.3,25376.0
60.8,40164.0
61.0,8786.0
61.0,7220.0
62.0,7689.0
63.6,9966.0
63.6,20292.0
64.3,8307.0
65.2,5464.0
65.2,41800.0
65.4,25752.0
65.6,7512.0
66.0,10051.0
66.1,8908.0
66.2,26623.0
66.2,7621.0
66.2,6584.0
67.6,50644.0
68.2,40722.0
68.6,17876.0
68.8,8472.0
68.9,19606.0
69.3,10958.0
69.4,12400.0
69.8,28170.0
69.8,6780.0
70.8,19654.0
71.4,10774.0
71.6,12940.0
71.8,6636.0
72.2,44836.0
73.1,13550.0
73.2,11198.0
73.4,12760.0
73.8,34250.0
73.8,12548.0
73.9,24666.0
73.9,10912.0
74.4,57927.0
74.4,8646.0
74.4,11241.0
75.0,26718.0
75.7,18478.0
76.2,7089.0
76.8,24596.0
77.0,13254.0
78.4,16993.0
