Average Temp,(Midwest) Women's Street Footwear Sales
13.4,8461
15.4,4659
18.2,4701
19.6,12185
20.2,175778
20.8,8514
21.2,23804
22.2,22788
23.4,24413
23.8,5634
24.9,73098
25.6,9544
26.1,11183
26.8,16317
27.1,7424
27.1,21344
27.4,6360
27.4,12001
27.6,132682
28.0,20647
29.0,23624
29.3,27941
31.4,24299
32.0,13050
32.2,14997
33.2,51866
34.8,8651
35.0,28851
35.0,17834
35.6,26316
36.0,7745
37.2,15718
38.2,14582
40.2,33439
40.4,61544
40.6,20149
40.9,14239
41.0,26624
41.5,14178
43.6,24074
43.9,37616
44.7,20214
45.2,28421
45.8,50595
45.8,15398
46.6,17649
47.4,22122
48.1,23033
48.9,17134
49.2,18944
49.6,42750
49.8,19229
50.1,28300
50.2,11349
50.4,58358
52.1,13440
52.4,10051
52.8,32674
53.1,25183
54.2,16923
55.1,37828
55.4,17618
55.8,22697
57.2,18572
57.4,15489
58.0,18849
58.3,22224
58.3,35999
60.8,54015
61.0,22516
61.0,16076
62.0,22873
63.6,22575
63.6,26586
64.3,17733
65.2,9976
65.2,59794
65.4,53657
65.6,12897
66.0,17343
66.1,24596
66.2,37054
66.2,22210
66.2,11520
67.6,79692
68.2,60145
68.6,29589
68.8,14240
68.9,33786
69.3,24554
69.4,25513
69.8,41670
69.8,11196
70.8,27106
71.4,24380
71.6,25917
71.8,11448
72.2,63239
73.1,27954
73.2,24444
73.4,25419
73.8,49626
73.8,25607
73.9,83699
73.9,23914
74.4,116178
74.4,13160
74.4,24164
75.0,44897
75.7,31310
76.2,12476
76.8,40900
77.0,23608
78.4,30626
