Average Temp,(Northeast) Total Sales
19.6,40250.0
21.8,52806.0
22.8,74844.0
23.8,44083.0
24.8,32477.0
25.5,44457.0
26.4,40239.0
26.9,62033.0
28.2,26626.0
28.4,65706.0
28.8,33862.0
29.8,115092.0
31.0,40974.0
31.2,20519.0
31.2,80952.0
31.4,20399.0
32.0,26888.0
32.4,93612.0
32.9,21795.0
33.0,19664.0
33.4,16833.0
33.6,26119.0
33.9,26678.0
34.8,106483.0
34.8,16913.0
35.4,27937.0
35.6,14287.0
35.8,30997.0
36.8,30057.0
37.0,33061.0
38.0,21704.0
38.1,16914.0
38.2,40052.0
38.4,304704.0
38.6,23282.0
39.0,70082.0
40.4,65721.0
40.7,12063.0
40.8,52227.0
41.5,24812.0
41.8,68341.0
42.5,51398.0
42.8,131714.0
42.9,71161.0
43.0,26376.0
44.0,82283.0
44.0,25268.0
44.0,35520.0
44.6,64421.0
44.6,13615.0
45.9,102766.0
48.2,63486.0
48.4,53710.0
48.4,151047.0
48.6,61236.0
48.9,61099.0
49.2,72759.0
50.2,58736.0
50.2,89768.0
50.8,41987.0
51.0,11529.0
51.4,24579.0
52.4,43238.0
52.7,44851.0
53.3,54283.0
53.6,37222.0
53.6,27766.0
54.1,54717.0
54.6,87885.0
54.8,37169.0
55.4,51917.0
56.2,54883.0
56.8,38896.0
58.3,89459.0
58.6,25038.0
59.3,48440.0
59.6,71564.0
60.3,82581.0
60.6,33416.0
60.9,109914.0
61.0,68452.0
62.4,28994.0
62.6,26278.0
63.4,51863.0
63.6,59702.0
63.9,49819.0
64.0,44211.0
64.0,46451.0
64.8,56943.0
64.9,30169.0
65.2,77722.0
65.8,87642.0
66.1,82260.0
66.2,21739.0
66.4,40327.0
66.4,43488.0
66.8,58629.0
67.4,116470.0
67.4,67361.0
67.6,30508.0
68.6,54809.0
68.7,30489.0
69.0,93488.0
69.0,39269.0
69.5,58585.0
69.7,24527.0
70.1,24029.0
70.2,67379.0
70.6,111373.0
71.1,41775.0
71.9,50048.0
72.2,26825.0
72.5,33795.0
73.0,45417.0
73.4,57009.0
73.8,49124.0
75.1,35852.0
75.7,60643.0
75.8,35574.0
77.1,28827.0
77.2,46604.0
