Average Temp,(Northeast) Men's Street Footwear Sales
19.6,18225.0
21.8,25084.0
22.8,37950.0
23.8,19986.0
24.8,14038.0
25.5,19440.0
26.4,18300.0
26.9,32105.0
28.2,11376.0
28.4,32908.0
28.8,15514.0
29.8,35449.0
31.0,18501.0
31.2,33169.0
31.2,8420.0
31.4,8573.0
32.0,15619.0
32.4,40170.0
32.9,9802.0
33.0,7450.0
33.4,7011.0
33.6,11301.0
33.9,11439.0
34.8,46675.0
34.8,6896.0
35.4,12940.0
35.6,5080.0
35.8,14175.0
36.8,14141.0
37.0,12361.0
38.0,9802.0
38.1,7087.0
38.2,15961.0
38.4,118468.0
38.6,11183.0
39.0,28338.0
40.4,32325.0
40.7,4321.0
40.8,20342.0
41.5,11004.0
41.8,28545.0
42.5,21065.0
42.8,53744.0
42.9,29160.0
43.0,9319.0
44.0,9340.0
44.0,33915.0
44.0,13254.0
44.6,26676.0
44.6,3405.0
45.9,45298.0
48.2,24646.0
48.4,50251.0
48.4,22048.0
48.6,24560.0
48.9,24202.0
49.2,29094.0
50.2,39172.0
50.2,24336.0
50.8,15675.0
51.0,2865.0
51.4,9615.0
52.4,16745.0
52.7,16039.0
53.3,20320.0
53.6,13163.0
53.6,9236.0
54.1,22195.0
54.6,33612.0
54.8,12980.0
55.4,18806.0
56.2,19291.0
56.8,14445.0
58.3,38850.0
58.6,8013.0
59.3,18824.0
59.6,27318.0
60.3,32123.0
60.6,9908.0
60.9,46675.0
61.0,25228.0
62.4,10047.0
62.6,6465.0
63.4,18269.0
63.6,22322.0
63.9,15409.0
64.0,18164.0
64.0,15357.0
64.8,22017.0
64.9,9704.0
65.2,29022.0
65.8,34463.0
66.1,35556.0
66.2,5620.0
66.4,14413.0
66.4,15489.0
66.8,20301.0
67.4,49416.0
67.4,24157.0
67.6,9557.0
68.6,20249.0
68.7,10241.0
69.0,37998.0
69.0,14552.0
69.5,20633.0
69.7,9827.0
70.1,7390.0
70.2,24791.0
70.6,39152.0
71.1,12489.0
71.9,16317.0
72.2,9426.0
72.5,9124.0
73.0,15832.0
73.4,20438.0
73.8,17301.0
75.1,11095.0
75.7,22668.0
75.8,10865.0
77.1,8035.0
77.2,15524.0
