Average Temp,(Northeast) Women's Street Footwear Sales
19.6,22025
21.8,27722
22.8,36894
23.8,24097
24.8,18439
25.5,25017
26.4,21939
26.9,29928
28.2,15250
28.4,32798
28.8,18348
29.8,79643
31.0,22473
31.2,47783
31.2,12099
31.4,11826
32.0,11269
32.4,53442
32.9,11993
33.0,12214
33.4,9822
33.6,14818
33.9,15239
34.8,59808
34.8,10017
35.4,14997
35.6,9207
35.8,16822
36.8,15916
37.0,20700
38.0,11902
38.1,9827
38.2,24091
38.4,186236
38.6,12099
39.0,41744
40.4,33396
40.7,7742
40.8,31885
41.5,13808
41.8,39796
42.5,30333
42.8,77970
42.9,42001
43.0,17057
44.0,15928
44.0,48368
44.0,22266
44.6,37745
44.6,10210
45.9,57468
48.2,38840
48.4,100796
48.4,31662
48.6,36676
48.9,36897
49.2,43665
50.2,50596
50.2,34400
50.8,26312
51.0,8664
51.4,14964
52.4,26493
52.7,28812
53.3,33963
53.6,24059
53.6,18530
54.1,32522
54.6,54273
54.8,24189
55.4,33111
56.2,35592
56.8,24451
58.3,50609
58.6,17025
59.3,29616
59.6,44246
60.3,50458
60.6,23508
60.9,63239
61.0,43224
62.4,18947
62.6,19813
63.4,33594
63.6,37380
63.9,34410
64.0,28287
64.0,28854
64.8,34926
64.9,20465
65.2,48700
65.8,53179
66.1,46704
66.2,16119
66.4,25914
66.4,27999
66.8,38328
67.4,67054
67.4,43204
67.6,20951
68.6,34560
68.7,20248
69.0,55490
69.0,24717
69.5,37952
69.7,14700
70.1,16639
70.2,42588
70.6,72221
71.1,29286
71.9,33731
72.2,17399
72.5,24671
73.0,29585
73.4,36571
73.8,31823
75.1,24757
75.7,37975
75.8,24709
77.1,20792
77.2,31080
