Average Temp,(Southeast) Total Sales
34.0,27633.0
36.5,41702.0
36.6,27640.0
37.5,58325.0
41.4,52668.0
41.4,24517.0
41.4,61807.0
42.6,30841.0
45.2,130364.0
45.5,44568.0
45.8,66716.0
46.5,79605.0
47.0,104051.0
47.4,50159.0
48.6,34300.0
49.4,131885.0
51.9,38287.0
52.4,66969.0
52.5,20595.0
52.9,39032.0
53.1,150229.0
53.5,113180.0
54.6,89864.0
54.7,38624.0
55.6,58800.0
56.1,128106.0
58.2,90342.0
58.4,28790.0
58.8,59270.0
59.1,140805.0
59.8,82995.0
59.8,79237.0
61.0,51896.0
61.2,46016.0
61.9,85751.0
64.9,157095.0
65.4,108687.0
65.4,56899.0
65.6,29945.0
65.7,60313.0
65.8,50941.0
67.2,163042.0
67.4,73206.0
67.9,38523.0
68.8,60656.0
69.4,139449.0
69.6,125420.0
70.0,104678.0
70.4,61224.0
72.4,36562.0
72.8,141840.0
72.8,28870.0
72.9,78911.0
73.2,83115.0
73.9,178422.0
74.1,69751.0
74.6,45075.0
75.4,134320.0
76.2,114446.0
76.7,99464.0
76.8,73091.0
77.4,107052.0
77.6,76164.0
78.0,151714.0
78.2,90733.0
78.4,188133.0
79.6,212541.0
81.1,53544.0
81.3,195837.0
82.2,97347.0
