Average Temp,(Southeast) Women's Street Footwear Sales
34.0,15042
36.5,20332
36.6,19288
37.5,28629
41.4,25661
41.4,26887
41.4,13980
42.6,22392
45.2,73525
45.5,27396
45.8,32039
46.5,35344
47.0,50273
47.4,23313
48.6,22294
49.4,73650
51.9,28722
52.4,31423
52.5,12700
52.9,24530
53.1,81129
53.5,65586
54.6,51160
54.7,26540
55.6,29673
56.1,69495
58.2,44729
58.4,19358
58.8,47404
59.1,77119
59.8,39151
59.8,48532
61.0,37387
61.2,29168
61.9,48852
64.9,85747
65.4,31378
65.4,59800
65.6,19523
65.7,42252
65.8,34242
67.2,109914
67.4,42198
67.9,25877
68.8,42414
69.4,81000
69.6,73227
70.0,59100
70.4,36042
72.4,16928
72.8,17376
72.8,81000
72.9,60145
73.2,60370
73.9,95532
74.1,39823
74.6,29125
75.4,78082
76.2,56745
76.7,56064
76.8,40939
77.4,61974
77.6,42180
78.0,84354
78.2,50838
78.4,123306
79.6,115866
81.1,24482
81.3,102588
82.2,38307
