Average Temp,(South) Total Sales
35.6,23672.0
38.0,30265.0
40.4,26478.0
42.0,28288.0
42.6,19423.0
45.0,26380.0
45.5,127012.0
45.6,42448.0
46.9,35578.0
49.2,38634.0
50.8,80496.0
50.8,44036.0
51.4,99118.0
52.2,32456.0
54.9,409170.0
55.0,35990.0
55.7,25296.0
55.9,112571.0
56.7,33154.0
57.4,87855.0
57.8,74557.0
59.6,147528.0
60.2,335946.0
60.8,107083.0
61.0,39974.0
61.7,40807.0
62.5,50539.0
63.6,43630.0
64.0,125747.0
66.0,64072.0
68.6,69220.0
69.9,30058.0
70.6,235649.0
71.6,66281.0
71.7,43102.0
71.8,79768.0
74.0,402082.0
74.1,104114.0
74.2,59893.0
76.4,186064.0
76.9,414850.0
77.4,31566.0
77.9,43856.0
78.0,96355.0
78.6,81892.0
79.0,25159.0
79.4,110602.0
79.7,228659.0
79.8,40080.0
79.9,73814.0
80.0,479273.0
80.6,61972.0
80.8,85626.0
81.1,199274.0
81.4,133895.0
82.2,78212.0
