Average Temp,(South) Women's Street Footwear Sales
35.6,10332
38.0,13005
40.4,13119
42.0,13930
42.6,10046
45.0,13438
45.5,72753
45.6,18700
46.9,16900
49.2,25687
50.8,24868
50.8,46767
51.4,57350
52.2,15889
54.9,261533
55.0,22806
55.7,14824
55.9,62783
56.7,18128
57.4,49446
57.8,43365
59.6,82921
60.2,210397
60.8,58687
61.0,20956
61.7,23693
62.5,28793
63.6,31572
64.0,76614
66.0,36829
68.6,55416
69.9,17656
70.6,150003
71.6,41040
71.7,25091
71.8,49560
74.0,248984
74.1,63074
74.2,33560
76.4,121840
76.9,265670
77.4,19281
77.9,25820
78.0,58350
78.6,50122
79.0,15785
79.4,64852
79.7,137378
79.8,17625
79.9,45120
80.0,302998
80.6,38965
80.8,51984
81.1,105137
81.4,77349
82.2,31362
