Average Temp,(South) Men's Street Footwear Sales
35.6,13340.0
38.0,17260.0
40.4,13359.0
42.0,14358.0
42.6,9377.0
45.0,12942.0
45.5,54259.0
45.6,23748.0
46.9,18678.0
49.2,12947.0
50.8,19168.0
50.8,33729.0
51.4,41768.0
52.2,16567.0
54.9,147637.0
55.0,13184.0
55.7,10472.0
55.9,49788.0
56.7,15026.0
57.4,38409.0
57.8,31192.0
59.6,64607.0
60.2,125549.0
60.8,48396.0
61.0,19018.0
61.7,17114.0
62.5,21746.0
63.6,12058.0
64.0,49133.0
66.0,27243.0
68.6,13804.0
69.9,12402.0
70.6,85646.0
71.6,25241.0
71.7,18011.0
71.8,30208.0
74.0,153098.0
74.1,41040.0
74.2,26333.0
76.4,64224.0
76.9,149180.0
77.4,12285.0
77.9,18036.0
78.0,38005.0
78.6,31770.0
79.0,9374.0
79.4,45750.0
79.7,91281.0
79.8,22455.0
79.9,28694.0
80.0,176275.0
80.6,23007.0
80.8,33642.0
81.1,94137.0
81.4,56546.0
82.2,46850.0
