Average Temp,(West) Total Sales
20.4,62427.0
24.0,29048.0
24.8,56527.0
26.0,39172.0
26.4,39927.0
27.6,34361.0
30.0,36519.0
30.2,36793.0
31.3,81074.0
31.6,108884.0
34.2,27486.0
34.5,44924.0
35.0,42590.0
35.0,53596.0
35.3,35210.0
36.1,41702.0
36.2,31057.0
36.8,56283.0
37.2,129305.0
38.4,38942.0
40.2,76773.0
40.9,95995.0
41.0,46877.0
42.3,53179.0
42.7,38248.0
42.9,29587.0
43.4,70847.0
44.6,31374.0
44.8,110742.0
44.8,102901.0
45.2,51631.0
45.5,791798.0
45.9,80546.0
46.4,431053.0
47.8,189891.0
48.0,34493.0
49.0,59598.0
49.2,59582.0
50.7,69039.0
51.0,77287.0
51.2,53912.0
51.6,97769.0
52.3,44910.0
53.2,464089.0
53.5,56178.0
55.4,46708.0
56.2,33184.0
56.8,75515.0
57.4,109505.0
57.9,62532.0
58.0,69352.0
58.6,163217.0
60.5,80399.0
61.1,73048.0
61.4,614063.0
61.9,72002.0
62.9,37920.0
64.6,55470.0
64.6,55620.0
67.1,78897.0
67.4,81322.0
67.4,51943.0
67.8,25252.0
67.9,93552.0
67.9,104115.0
68.3,174030.0
68.4,122033.0
68.9,73729.0
70.2,83552.0
72.7,99554.0
73.2,99665.0
73.6,44259.0
74.0,59119.0
74.4,71996.0
77.2,69383.0
80.4,77612.0
81.0,80492.0
