Average Temp,(West) Women's Street Footwear Sales
20.4,30612
24.0,20408
24.8,28105
26.0,23714
26.4,24776
27.6,23908
30.0,20928
30.2,17076
31.3,45744
31.6,69789
34.2,18889
34.5,30012
35.0,26132
35.0,27364
35.3,17840
36.1,27164
36.2,22863
36.8,32679
37.2,73251
38.4,24412
40.2,43355
40.9,60788
41.0,31289
42.3,32727
42.7,28866
42.9,15408
43.4,41112
44.6,20940
44.8,64069
44.8,58495
45.2,30638
45.5,451161
45.9,50826
46.4,236508
47.8,88174
48.0,24345
49.0,41590
49.2,47990
50.7,40635
51.0,44250
51.2,35675
51.6,57100
52.3,27375
53.2,308365
53.5,32133
55.4,34487
56.2,20827
56.8,43900
57.4,71877
57.9,37065
58.0,47202
58.6,108549
60.5,47319
61.1,42048
61.4,330228
61.9,42732
62.9,17302
64.6,39094
64.6,34780
67.1,47317
67.4,29289
67.4,48496
67.8,15256
67.9,66588
67.9,64600
68.3,93462
68.4,78776
68.9,28451
70.2,46258
72.7,50220
73.2,55000
73.6,28207
74.0,36228
74.4,53057
77.2,37840
80.4,38648
81.0,44661
