Average Temp,(West) Men's Street Footwear Sales
20.4,31815.0
24.0,8640.0
24.8,28422.0
26.0,15458.0
26.4,15151.0
27.6,10453.0
30.0,15591.0
30.2,19717.0
31.3,35330.0
31.6,39095.0
34.2,8597.0
34.5,14912.0
35.0,16458.0
35.0,26232.0
35.3,17370.0
36.1,14538.0
36.2,8194.0
36.8,23604.0
37.2,56054.0
38.4,14530.0
40.2,33418.0
40.9,35207.0
41.0,15588.0
42.3,20452.0
42.7,9382.0
42.9,14179.0
43.4,29735.0
44.6,10434.0
44.8,46673.0
44.8,44406.0
45.2,20993.0
45.5,340637.0
45.9,29720.0
46.4,194545.0
47.8,101717.0
48.0,10148.0
49.0,18008.0
49.2,11592.0
50.7,28404.0
51.0,33037.0
51.2,18237.0
51.6,40669.0
52.3,17535.0
53.2,155724.0
53.5,24045.0
55.4,12221.0
56.2,12357.0
56.8,31615.0
57.4,37628.0
57.9,25467.0
58.0,22150.0
58.6,54668.0
60.5,33080.0
61.1,31000.0
61.4,283835.0
61.9,29270.0
62.9,20618.0
64.6,16376.0
64.6,20840.0
67.1,31580.0
67.4,22654.0
67.4,32826.0
67.8,9996.0
67.9,26964.0
67.9,39515.0
68.3,80568.0
68.4,43257.0
68.9,45278.0
70.2,37294.0
72.7,49334.0
73.2,44665.0
73.6,16052.0
74.0,22891.0
74.4,18939.0
77.2,31543.0
80.4,38964.0
81.0,35831.0
